
SUMMARY OF PARTICLE NUMBERS

       label          mass          Ngas            Ndm        Nstars  Nbulge          total
0         C1  2.510276e+13  16460.823732  493824.711967  24691.235598     0.0  534976.771298
1         C2  6.611090e+12   4609.030645  130000.000000   6500.000000     0.0  141109.030645
2         C3  4.179482e+12   9437.538940   80893.190913   4044.659546     0.0   94375.389398
3         C4  2.915917e+12   6584.329493   56437.109939   2821.855497     0.0   65843.294929
4         C5  1.069170e+12   2414.254147   20693.606978   1034.680349     0.0   24142.541474
5         C6  1.411362e+13   7462.240092  278000.000000  13900.000000     0.0  299362.240092
6         C7  9.719724e+11   2194.776498   18812.369980    940.618499     0.0   21947.764976
7         C8  5.102675e+12   5267.463594  100000.000000   5000.000000     0.0  110267.463594
8         C9  8.747752e+11   1975.298848   16931.132982    846.556649     0.0   19752.988479
9        C10  1.069170e+12   2414.254147   20693.606978   1034.680349     0.0   24142.541474
10       C11  2.026584e+12    658.432949   40000.000000   2000.000000     0.0   42658.432949
11       C12  9.855554e+11   2225.447700   19075.265996    953.763300     0.0   22254.476996
12       C13  7.775780e+11   1755.821198   15049.895984    752.494799     0.0   17558.211981
13       C14  2.428390e+12    438.955300   48000.000000   2400.000000     0.0   50838.955300
14       C15  1.226015e+12   1401.522406   24000.000000   1200.000000     0.0   26601.522406
15       C16  4.175445e+11    942.842346    8081.505823    404.075291     0.0    9428.423460
16       C17  1.522899e+12    789.948993   30000.000000   1500.000000     0.0   32289.948993
17       C18  6.133049e+11    730.490466   12000.000000    600.000000     0.0   13330.490466
18       C20  2.529332e+12    433.197835   50000.000000   2500.000000     0.0   52933.197835
19       C21  1.316582e+11    297.292632    2548.222557    127.411128     0.0    2972.926316
20       C22  1.241348e+11    280.304481    2402.609839    120.130492     0.0    2803.044812
21       C23  1.053265e+11    237.834105    2038.578045    101.928902     0.0    2378.341053
22      LBG3  1.012600e+12    260.000000   20000.000000   1000.000000     0.0   21260.000000
23      LBG2  1.036286e+11    234.000000    2005.714286    100.285714     0.0    2340.000000
24  LAE-ID72  2.514538e+10     56.779896     486.684824     24.334241     0.0     567.798961
25   A-north  1.851029e+10     41.797428     358.263666     17.913183     0.0     417.974277
26   A-south  4.661851e+10    105.267596     902.293678     45.114684     0.0    1052.675958
27    N-west  2.862239e+10     64.631208     553.981780     27.699089     0.0     646.312077
28    South5  1.131184e+10     25.542873     218.938907     10.946945     0.0     255.428725
29   E-south  7.284142e+10    164.480618    1409.833872     70.491694     0.0    1644.806184
30    F-east  2.639430e+10     59.600036     510.857450     25.542873     0.0     596.000358

31 galaxies of total mass 7.624e+13
TotNgas: 70024.2
TotNdm: 1.49593e+06
TotNstars: 74796.4
TotNbulge: 0
TotPart: 1.64075e+06
