0 0 0 0 0
0.000976562 1.50591e-05 0.157719 0.157669 0
0.00195312 4.16801e-06 0.0425814 0.0436393 0
0.00244141 7.86448e-08 0.0442283 0.00164683 0
0.00292969 5.43913e-06 0.0611347 0.113896 0
0.00341797 6.82245e-07 0.0726412 0.0142863 0
0.00366211 1.16295e-07 0.0775118 0.00487047 0
0.00390625 2.5539e-05 0.252137 1.06958 0
0.00415039 0 0.23816 0 0
0.00439453 1.67056e-06 0.23422 0.0699634 0
0.00488281 3.27878e-05 0.402408 0.68658 0.00200257
0.00537109 8.05871e-07 0.377581 0.016875 0
0.00585938 4.90614e-05 0.473183 1.02735 0
0.00634766 0 0.464516 0 0
0.00683594 4.09637e-05 0.492161 0.857785 0
0.0078125 5.47986e-05 0.488357 0.573744 0.00100129
0.00878906 3.56876e-05 0.497117 0.373651 0
0.00976562 5.27701e-05 0.469012 0.552506 0
0.0107422 3.43811e-05 0.470235 0.359972 0
0.0117188 4.90108e-05 0.407588 0.513146 0
0.0126953 2.92467e-05 0.395986 0.306214 0
0.0136719 4.0105e-05 0.344077 0.419901 0
0.0146484 2.3667e-05 0.330059 0.247795 0
0.015625 3.43341e-05 0.288844 0.35948 0
0.0166016 1.91567e-05 0.273592 0.200571 0
0.0175781 2.79759e-05 0.24084 0.292909 0
0.0185547 1.44544e-05 0.226932 0.151339 0
0.0195312 2.52771e-05 0.19176 0.264652 0
0.0205078 9.28285e-06 0.180208 0.0971919 0
0.0214844 2.06525e-05 0.154853 0.216233 0
0.0224609 6.89639e-06 0.148129 0.0722056 0
0.0234375 1.87441e-05 0.125388 0.196252 0
0.0244141 5.65949e-06 0.120482 0.0592552 0
0.0253906 1.4175e-05 0.105455 0.148413 0
0.0263672 4.78436e-06 0.10132 0.0500925 0
0.0273438 1.37161e-05 0.0896412 0.143609 0
0.0283203 4.01752e-06 0.0861295 0.0420637 0
0.0292969 1.16926e-05 0.0803295 0.122422 0
0.0302734 3.30373e-06 0.0777158 0.0345902 0
0.03125 1.12705e-05 0.0749332 0.118003 0
0.0322266 2.96798e-06 0.0732822 0.0310749 0
0.0332031 1.11438e-05 0.0729881 0.116676 0
0.0341797 2.66719e-06 0.0716513 0.0279256 0
0.0351562 1.14199e-05 0.0731823 0.119567 0
0.0361328 2.33647e-06 0.0726082 0.0244629 0
0.0371094 1.21936e-05 0.0757243 0.127668 0
0.0380859 1.94592e-06 0.0754504 0.0203739 0
0.0390625 1.3841e-05 0.0809392 0.144916 0
0.0400391 1.84329e-06 0.0803517 0.0192994 0
0.0410156 1.47197e-05 0.0864911 0.154115 0
0.0419922 1.78438e-06 0.0855368 0.0186826 0
0.0429688 1.63474e-05 0.0944124 0.171158 0
0.0439453 1.55384e-06 0.0930853 0.0162687 0
0.0449219 1.77538e-05 0.100564 0.185883 0
0.0458984 1.3652e-06 0.0996941 0.0142937 0
0.046875 1.98825e-05 0.11132 0.208171 0
0.0478516 1.29367e-06 0.111253 0.0135448 0
0.0488281 2.25401e-05 0.125096 0.235996 0
0.0498047 1.46047e-06 0.12553 0.0152912 0
0.0507812 2.49874e-05 0.139886 0.26162 0
0.0517578 2.25491e-06 0.14169 0.023609 0
0.0527344 2.66629e-05 0.153552 0.279161 0
0.0537109 4.41342e-06 0.157496 0.0462087 0
0.0546875 2.83265e-05 0.174262 0.29658 0
0.0556641 6.95041e-06 0.180271 0.0727711 0
0.0566406 3.1194e-05 0.204127 0.326603 0
0.0576172 1.0806e-05 0.215453 0.11314 0
0.0585938 3.33806e-05 0.23748 0.349497 0
0.0595703 1.39313e-05 0.248449 0.145861 0
0.0605469 3.66006e-05 0.272279 0.38321 0
0.0615234 1.56747e-05 0.279982 0.164115 0
0.0625 4.17481e-05 0.309099 0.437104 0
0.0634766 1.93287e-05 0.318651 0.202373 0
0.0644531 4.59613e-05 0.352671 0.481217 0
0.0654297 2.72445e-05 0.372489 0.285252 0
0.0664062 4.7486e-05 0.402091 0.497181 0
0.0668945 0 0.402091 0 0
0.0673828 2.8446e-05 0.417283 0.595661 0
0.0678711 0 0.417283 0 0
0.0683594 5.46257e-05 0.445486 1.14387 0
0.0688477 0 0.445486 0 0
0.0693359 3.29706e-05 0.466321 0.690408 0
0.0698242 0 0.466321 0 0
0.0703125 5.85032e-05 0.490032 1.22506 0
0.0712891 3.54117e-05 0.511285 0.370762 0
0.0722656 6.42525e-05 0.531397 0.672727 0
0.0732422 4.11844e-05 0.549074 0.431203 0
0.0742188 6.4854e-05 0.560474 0.679025 0
0.0751953 3.78798e-05 0.573118 0.396603 0
0.0761719 7.11718e-05 0.574181 0.745172 0
0.0771484 4.37477e-05 0.581568 0.458041 0
0.078125 6.67607e-05 0.580215 0.698988 0
0.0791016 4.57219e-05 0.586143 0.478711 0
0.0800781 6.53619e-05 0.5829 0.684342 0
0.0810547 4.72853e-05 0.583494 0.49508 0
0.0820312 6.22281e-05 0.575065 0.651532 0
0.0830078 4.76935e-05 0.582086 0.499354 0
0.0839844 6.29817e-05 0.581014 0.659422 0
0.0849609 4.6695e-05 0.586589 0.488899 0
0.0859375 6.43255e-05 0.582257 0.673491 0
0.0869141 4.53109e-05 0.584677 0.474407 0
0.0878906 6.51745e-05 0.577343 0.68238 0
0.0888672 4.47624e-05 0.576243 0.468664 0
0.0898438 6.47403e-05 0.571359 0.677834 0
0.0908203 4.19037e-05 0.567097 0.438734 0
0.0917969 6.60725e-05 0.562604 0.691782 0
0.0927734 4.31631e-05 0.560709 0.45192 0
0.09375 6.49407e-05 0.565132 0.679932 0
0.0947266 4.19435e-05 0.565272 0.439151 0
0.0957031 6.76336e-05 0.572282 0.708127 0
0.0966797 4.14483e-05 0.567597 0.433966 0
0.0976562 6.82912e-05 0.571506 0.715012 0
0.0986328 4.01488e-05 0.562937 0.42036 0
0.0996094 6.83304e-05 0.563745 0.715422 0
0.100586 3.57797e-05 0.552211 0.374615 0
0.101562 6.937e-05 0.544942 0.726307 0
0.102539 3.00876e-05 0.530288 0.315018 0
0.103516 6.89642e-05 0.515543 0.722058 0
0.104492 2.9913e-05 0.50046 0.31319 0
0.105469 6.44378e-05 0.487553 0.674667 0
0.106445 2.605e-05 0.47102 0.272745 0
0.107422 6.35553e-05 0.464318 0.665427 0
0.108398 3.05374e-05 0.453515 0.319728 0
0.109375 5.67693e-05 0.454673 0.594377 0
0.110352 3.40314e-05 0.448858 0.35631 0
0.111328 5.23902e-05 0.451289 0.548528 0
0.112305 3.36886e-05 0.446556 0.352721 0
0.113281 5.26273e-05 0.451384 0.55101 0
0.114258 3.46808e-05 0.450595 0.36311 0
0.115234 5.22881e-05 0.456188 0.547459 0
0.116211 2.86203e-05 0.453519 0.299656 0
0.117188 5.96805e-05 0.463454 0.624858 0
0.118164 1.96032e-05 0.460326 0.205246 0
0.119141 7.02996e-05 0.472656 0.73604 0
0.120117 1.46291e-05 0.472485 0.153168 0
0.121094 7.70123e-05 0.482301 0.806322 0
0.12207 1.79085e-05 0.484891 0.187502 0
0.123047 7.57109e-05 0.493024 0.792696 0
0.124023 2.22015e-05 0.502725 0.232451 0
0.125 7.41551e-05 0.508217 0.776407 0
0.125977 3.02848e-05 0.518828 0.317084 0
0.126953 6.868e-05 0.522267 0.719083 0
0.12793 3.65651e-05 0.532191 0.382838 0
0.128906 6.47219e-05 0.532592 0.677641 0
0.129883 3.63794e-05 0.541134 0.380894 0
0.130859 6.64891e-05 0.540297 0.696144 0
0.131836 3.16789e-05 0.542363 0.331679 0
0.132812 6.96514e-05 0.533876 0.729254 0
0.133789 3.06904e-05 0.539834 0.32133 0
0.134766 7.17136e-05 0.529665 0.750845 0.00101011
0.135742 2.78579e-05 0.53376 0.291674 0
0.136719 7.25129e-05 0.527593 0.759214 0
0.137695 2.70379e-05 0.526516 0.283088 0
0.138672 6.91822e-05 0.507222 0.724341 0
0.139648 2.58996e-05 0.502486 0.27117 0
0.140625 6.97779e-05 0.502597 0.730578 0
0.141602 2.90589e-05 0.494063 0.304248 0
0.142578 6.49985e-05 0.49243 0.680538 0
0.143555 3.16191e-05 0.493871 0.331054 0
0.144531 6.33325e-05 0.499064 0.663095 0
0.145508 3.39692e-05 0.505235 0.35566 0
0.146484 6.3105e-05 0.510006 0.660713 0
0.147461 3.53027e-05 0.508341 0.369621 0.00100131
0.148438 6.16202e-05 0.502 0.645166 0
0.149414 3.22261e-05 0.501279 0.337409 0
0.150391 6.47994e-05 0.507033 0.678453 0
0.151367 3.07236e-05 0.504402 0.321678 0
0.152344 6.6694e-05 0.508774 0.69829 0
0.15332 2.93998e-05 0.503484 0.307818 0
0.154297 6.76504e-05 0.5062 0.708303 0
0.155273 2.51833e-05 0.499264 0.26367 0
0.15625 7.06023e-05 0.499297 0.739209 0
0.157227 2.25606e-05 0.492766 0.236211 0
0.158203 7.16011e-05 0.490819 0.749667 0
0.15918 2.057e-05 0.483168 0.215368 0
0.160156 7.21252e-05 0.482937 0.755155 0
0.161133 1.84535e-05 0.475359 0.193209 0
0.162109 7.32557e-05 0.47787 0.766991 0
0.163086 1.89157e-05 0.472217 0.198049 0
0.164062 7.20001e-05 0.474117 0.753845 0
0.165039 1.88532e-05 0.470297 0.197393 0
0.166016 7.18027e-05 0.472907 0.751778 0
0.166992 2.2511e-05 0.469206 0.235692 0
0.167969 6.77522e-05 0.471221 0.709369 0
0.168945 2.52135e-05 0.468989 0.263986 0
0.169922 6.52674e-05 0.473317 0.683352 0
0.170898 2.77918e-05 0.470857 0.290982 0
0.171875 6.35225e-05 0.47755 0.665083 0
0.172852 3.06897e-05 0.478807 0.321323 0
0.173828 6.22888e-05 0.488702 0.652167 0
0.174805 3.13567e-05 0.493784 0.328306 0
0.175781 6.42096e-05 0.502662 0.672277 0
0.176758 3.02443e-05 0.505801 0.316659 0
0.177734 6.74358e-05 0.512804 0.706057 0
0.178711 2.87818e-05 0.515714 0.301347 0
0.179688 7.06776e-05 0.522796 0.739998 0
0.180664 3.08756e-05 0.535179 0.323269 0
0.181641 7.28055e-05 0.546213 0.762277 0
0.182617 3.50297e-05 0.549491 0.366762 0
0.183594 7.08645e-05 0.557092 0.741954 0
0.18457 3.80946e-05 0.561294 0.398852 0
0.185547 7.00403e-05 0.569165 0.733325 0
0.186523 4.21445e-05 0.57394 0.441255 0
0.1875 6.81706e-05 0.580527 0.71375 0
0.188477 4.1196e-05 0.581859 0.431325 0
0.189453 6.90766e-05 0.58185 0.723236 0
0.19043 4.13698e-05 0.585884 0.433144 0
0.191406 7.13139e-05 0.592692 0.74666 0
0.192383 4.22124e-05 0.595173 0.441966 0
0.193359 7.19743e-05 0.599711 0.753574 0
0.194336 4.12671e-05 0.601034 0.432068 0
0.195312 7.36238e-05 0.601907 0.770845 0
0.196289 3.91075e-05 0.601388 0.409458 0
0.197266 7.56117e-05 0.601153 0.791658 0
0.198242 3.68701e-05 0.602356 0.386031 0
0.199219 7.79998e-05 0.602275 0.816662 0
0.200195 3.49523e-05 0.606601 0.365952 0
0.201172 8.03744e-05 0.60565 0.841524 0
0.202148 3.31594e-05 0.611133 0.34718 0
0.203125 8.26973e-05 0.6093 0.865845 0
0.204102 3.65891e-05 0.616666 0.38309 0
0.205078 7.90696e-05 0.614502 0.827862 0
0.206055 4.10622e-05 0.624348 0.429923 0
0.207031 7.80113e-05 0.614204 0.816782 0.00100522
0.208008 4.29309e-05 0.617009 0.449488 0
0.208984 7.33155e-05 0.606058 0.767617 0
0.209961 4.3297e-05 0.611449 0.453321 0
0.210938 7.28355e-05 0.609171 0.762591 0
0.211914 4.40861e-05 0.61265 0.461584 0
0.212891 7.15727e-05 0.601848 0.749369 0
0.213867 4.5963e-05 0.604882 0.481235 0
0.214844 6.96227e-05 0.606108 0.728953 0
0.21582 4.7761e-05 0.608873 0.50006 0
0.216797 6.86468e-05 0.609616 0.718735 0
0.217773 5.02773e-05 0.609773 0.526405 0
0.21875 6.64567e-05 0.610691 0.695805 0
0.219727 5.00547e-05 0.608978 0.524075 0
0.220703 6.65382e-05 0.608681 0.696658 0
0.22168 4.76636e-05 0.606035 0.49904 0
0.222656 6.88483e-05 0.607978 0.720845 0
0.223633 4.4762e-05 0.603424 0.46866 0
0.224609 7.15654e-05 0.600348 0.749293 0.0010134
0.225586 3.86987e-05 0.577203 0.405178 0
0.226562 7.34468e-05 0.586651 0.768991 0
0.227539 3.62447e-05 0.576625 0.379483 0
0.228516 7.63215e-05 0.587252 0.79909 0
0.229492 3.75324e-05 0.58101 0.392967 0
0.230469 7.58395e-05 0.594585 0.794044 0
0.231445 3.89401e-05 0.598534 0.407705 0
0.232422 7.78101e-05 0.608042 0.814676 0.00100148
0.233398 3.92463e-05 0.602545 0.410911 0
0.234375 7.60759e-05 0.602304 0.796518 0
0.235352 4.0444e-05 0.601031 0.42345 0
0.236328 7.54167e-05 0.608178 0.789617 0
0.237305 4.05187e-05 0.610189 0.424233 0
0.238281 7.68551e-05 0.617385 0.804676 0
0.239258 4.80369e-05 0.620392 0.502949 0
0.240234 7.0066e-05 0.616646 0.733595 0
0.241211 4.5456e-05 0.620695 0.475926 0
0.242188 7.37033e-05 0.626935 0.771677 0
0.243164 4.76161e-05 0.632571 0.498543 0
0.244141 7.36154e-05 0.63781 0.770757 0
0.245117 5.12104e-05 0.643689 0.536176 0
0.246094 7.21091e-05 0.648976 0.754986 0
0.24707 4.68631e-05 0.657815 0.490659 0
0.248047 7.87833e-05 0.661608 0.824865 0
0.249023 4.60844e-05 0.671478 0.482506 0
0.25 8.16267e-05 0.670844 0.854636 0
0.250977 4.58642e-05 0.674861 0.480201 0
0.251953 8.19833e-05 0.670086 0.858369 0
0.25293 4.27503e-05 0.673253 0.447597 0
0.253906 8.42325e-05 0.664738 0.881919 0
0.254883 4.22151e-05 0.666928 0.441994 0
0.255859 8.2088e-05 0.656608 0.859466 0
0.256836 4.52171e-05 0.656511 0.473425 0
0.257812 7.97336e-05 0.645927 0.834815 0
0.258789 4.65542e-05 0.645185 0.487425 0
0.259766 7.53543e-05 0.636042 0.788963 0
0.260742 4.54307e-05 0.629507 0.475662 0.00100132
0.261719 7.37864e-05 0.616958 0.772548 0
0.262695 4.23918e-05 0.61457 0.443844 0
0.263672 7.29522e-05 0.609466 0.763813 0
0.264648 4.17644e-05 0.606945 0.437275 0
0.265625 7.53835e-05 0.604415 0.789269 0
0.266602 4.26497e-05 0.602078 0.446544 0
0.267578 7.27989e-05 0.604421 0.762208 0
0.268555 4.04938e-05 0.602282 0.423972 0
0.269531 7.48154e-05 0.602866 0.78332 0
0.270508 3.83393e-05 0.599325 0.401414 0
0.271484 7.64651e-05 0.599379 0.800594 0
0.272461 3.7212e-05 0.588564 0.389612 0.0010141
0.273438 7.5963e-05 0.587771 0.795336 0
0.274414 3.78007e-05 0.583953 0.395775 0
0.275391 7.30721e-05 0.574979 0.765069 0
0.276367 3.82335e-05 0.573055 0.400307 0
0.277344 7.18045e-05 0.57624 0.751796 0
0.27832 3.23905e-05 0.563426 0.33913 0
0.279297 7.61424e-05 0.568946 0.797215 0
0.280273 2.65107e-05 0.565742 0.277569 0
0.28125 8.27752e-05 0.572191 0.866661 0
0.282227 2.1935e-05 0.567461 0.229661 0
0.283203 8.75593e-05 0.57274 0.91675 0
0.28418 2.46473e-05 0.57084 0.258059 0
0.285156 8.52256e-05 0.576441 0.892316 0
0.286133 2.99143e-05 0.578522 0.313205 0
0.287109 8.13158e-05 0.584519 0.851381 0
0.288086 3.89678e-05 0.595682 0.407995 0
0.289062 7.58871e-05 0.604936 0.794541 0
0.289551 3.35308e-07 0.611958 0.00702137 0
0.290039 4.82956e-05 0.609766 1.01131 0
0.290527 0 0.60259 0 0
0.291016 6.8335e-05 0.615384 1.43094 0
0.291992 5.34107e-05 0.621275 0.559213 0
0.292969 6.46566e-05 0.616041 0.676957 0
0.293945 5.31032e-05 0.622195 0.555993 0
0.294922 6.6316e-05 0.628766 0.694332 0
0.295898 5.21737e-05 0.635796 0.546261 0
0.296875 6.8732e-05 0.623352 0.719627 0.0010085
0.297852 4.46106e-05 0.608162 0.467075 0.00100333
0.298828 7.11084e-05 0.602023 0.744509 0
0.299805 3.97861e-05 0.601403 0.416563 0
0.300781 7.5547e-05 0.608161 0.790981 0
0.301758 4.53495e-05 0.617365 0.474811 0
0.302734 7.17015e-05 0.610903 0.750718 0
0.303711 4.72286e-05 0.619896 0.494486 0
0.304688 7.17535e-05 0.626635 0.751263 0
0.305664 4.85702e-05 0.633392 0.508532 0
0.306641 7.27856e-05 0.63802 0.762068 0
0.307617 4.66189e-05 0.641379 0.488103 0
0.308594 7.64878e-05 0.646698 0.800831 0
0.30957 4.52708e-05 0.648617 0.473987 0
0.310547 7.89973e-05 0.651352 0.827105 0
0.311523 4.43134e-05 0.640254 0.463964 0
0.3125 7.85874e-05 0.644539 0.822813 0
0.313477 4.69605e-05 0.648676 0.491678 0
0.314453 7.72767e-05 0.650938 0.80909 0
0.31543 4.63359e-05 0.649696 0.485139 0
0.316406 7.78889e-05 0.649507 0.815501 0
0.317383 4.72304e-05 0.645976 0.494505 0
0.318359 7.61579e-05 0.64474 0.797377 0
0.319336 4.37165e-05 0.64007 0.457714 0
0.320312 7.85184e-05 0.638722 0.822091 0
0.321289 4.06593e-05 0.634954 0.425705 0
0.322266 8.0426e-05 0.632874 0.842065 0
0.323242 4.14894e-05 0.628876 0.434396 0
0.324219 7.81282e-05 0.624461 0.818006 0
0.325195 4.32398e-05 0.620868 0.452723 0
0.326172 7.4869e-05 0.616841 0.783882 0
0.327148 4.06321e-05 0.614847 0.42542 0
0.328125 7.6374e-05 0.611748 0.79964 0
0.329102 3.89988e-05 0.60403 0.40832 0
0.330078 7.61461e-05 0.604459 0.797253 0
0.331055 3.83599e-05 0.605789 0.401631 0
0.332031 7.71573e-05 0.6052 0.80784 0
0.333008 3.53709e-05 0.605318 0.370335 0
0.333984 8.04304e-05 0.608338 0.842111 0
0.334961 2.74017e-05 0.610405 0.286897 0
0.335938 8.85486e-05 0.607202 0.927108 0
0.336914 3.06401e-05 0.608644 0.320803 0
0.337891 8.49649e-05 0.606154 0.889586 0
0.338867 3.42029e-05 0.609648 0.358106 0
0.339844 8.16214e-05 0.60804 0.854581 0
0.34082 4.08056e-05 0.611492 0.427237 0
0.341797 7.54175e-05 0.60937 0.789625 0
0.342773 4.73505e-05 0.610343 0.495762 0
0.34375 6.90044e-05 0.610074 0.72248 0
0.344727 4.76064e-05 0.611272 0.498441 0
0.345703 6.91862e-05 0.612191 0.724383 0
0.34668 4.62481e-05 0.614234 0.48422 0
0.347656 7.13394e-05 0.616893 0.746927 0
0.348633 4.61725e-05 0.619109 0.483429 0
0.349609 7.28042e-05 0.625425 0.762264 0
0.350586 4.56464e-05 0.626024 0.477921 0
0.351562 7.43777e-05 0.628877 0.778739 0
0.352539 4.62668e-05 0.62874 0.484415 0
0.353516 7.45604e-05 0.633387 0.780651 0
0.354492 4.59305e-05 0.633554 0.480895 0
0.355469 7.59351e-05 0.638713 0.795045 0
0.356445 4.87131e-05 0.639336 0.510029 0
0.357422 7.43774e-05 0.645794 0.778735 0
0.358398 5.01885e-05 0.648831 0.525476 0
0.359375 7.49472e-05 0.657578 0.784701 0
0.360352 5.23588e-05 0.661069 0.548199 0
0.361328 7.50865e-05 0.669899 0.78616 0
0.362305 5.64391e-05 0.674087 0.590921 0
0.363281 7.34233e-05 0.682927 0.768746 0
0.364258 5.9251e-05 0.687187 0.620361 0
0.365234 7.3105e-05 0.696262 0.765413 0
0.366211 6.13074e-05 0.701401 0.641892 0
0.367188 7.36989e-05 0.710144 0.771632 0
0.368164 6.06231e-05 0.714584 0.634727 0
0.368652 0 0.714584 0 0
0.369141 7.69063e-05 0.724097 1.61043 0
0.369629 0 0.723021 0 0
0.370117 5.02386e-05 0.730062 1.052 0
0.371094 9.04025e-05 0.739545 0.946519 0
0.37207 4.08388e-05 0.740771 0.427584 0
0.373047 0.000101129 0.744432 1.05882 0
0.374023 3.87124e-05 0.74442 0.405321 0
0.375 0.000103261 0.743536 1.08115 0
0.375977 3.82045e-05 0.744859 0.400003 0
0.376953 0.000103384 0.741815 1.08244 0
0.37793 4.67569e-05 0.746811 0.489547 0
0.378906 9.55158e-05 0.749306 1.00006 0
0.379883 5.38941e-05 0.755496 0.564274 0
0.380859 8.96331e-05 0.752547 0.938463 0
0.381836 5.30722e-05 0.756256 0.555669 0
0.382812 8.89323e-05 0.73691 0.931125 0
0.383789 5.33698e-05 0.739379 0.558785 0
0.384766 8.71024e-05 0.735912 0.911967 0
0.385742 5.65396e-05 0.737013 0.591973 0
0.386719 8.36231e-05 0.733505 0.875538 0
0.387695 5.88092e-05 0.732399 0.615735 0
0.388672 8.04988e-05 0.728144 0.842826 0
0.389648 5.83305e-05 0.725931 0.610724 0
0.390625 8.03078e-05 0.725992 0.840827 0
0.391602 5.99233e-05 0.724619 0.6274 0
0.392578 7.85534e-05 0.724775 0.822458 0
0.393555 6.06631e-05 0.72384 0.635145 0
0.394531 7.79438e-05 0.725945 0.816075 0
0.395508 5.85376e-05 0.724012 0.612891 0
0.396484 7.91024e-05 0.72392 0.828206 0
0.397461 5.56142e-05 0.725114 0.582283 0
0.398438 8.43403e-05 0.734512 0.883047 0
0.399414 5.18822e-05 0.733217 0.543209 0
0.400391 8.98799e-05 0.743504 0.941047 0
0.401367 5.1279e-05 0.741982 0.536894 0
0.402344 9.31208e-05 0.76228 0.974979 0
0.40332 5.3795e-05 0.758724 0.563236 0
0.404297 8.91447e-05 0.750515 0.933349 0
0.405273 5.56776e-05 0.730452 0.582947 0
0.40625 8.26891e-05 0.726021 0.865759 0
0.407227 5.56919e-05 0.725869 0.583097 0
0.408203 8.35923e-05 0.729816 0.875216 0
0.40918 5.71497e-05 0.728523 0.59836 0
0.410156 8.22544e-05 0.729536 0.861207 0
0.411133 5.4945e-05 0.72853 0.575277 0
0.412109 8.43801e-05 0.729295 0.883463 0
0.413086 5.40587e-05 0.730083 0.565997 0
0.414062 8.53589e-05 0.730605 0.893712 0
0.415039 5.4191e-05 0.735015 0.567383 0
0.416016 8.58269e-05 0.734644 0.898611 0
0.416992 5.25912e-05 0.738931 0.550633 0
0.417969 8.83536e-05 0.739605 0.925066 0
0.418945 5.21437e-05 0.743279 0.545947 0
0.419922 8.71911e-05 0.731872 0.912895 0
0.420898 5.66516e-05 0.73692 0.593145 0
0.421875 8.39404e-05 0.738296 0.87886 0
0.422852 5.37664e-05 0.743813 0.562936 0
0.423828 8.82331e-05 0.74563 0.923805 0
0.424805 4.77e-05 0.749718 0.499422 0
0.425781 9.51894e-05 0.747385 0.996637 0.00100333
0.426758 4.40237e-05 0.733007 0.460931 0
0.427734 9.54926e-05 0.730204 0.999812 0
0.428711 4.55029e-05 0.730605 0.476418 0
0.429688 9.37788e-05 0.726638 0.981868 0
0.430664 4.90634e-05 0.72331 0.513696 0
0.431641 8.92995e-05 0.723336 0.93497 0
0.432617 4.24115e-05 0.72023 0.444051 0
0.433594 9.48007e-05 0.7168 0.992568 0
0.43457 3.38071e-05 0.713466 0.353962 0
0.435547 0.000102152 0.710635 1.06954 0
0.436523 3.50341e-05 0.707837 0.366808 0
0.4375 9.99434e-05 0.70559 1.04641 0
0.438477 3.44226e-05 0.702986 0.360407 0
0.439453 9.9847e-05 0.701741 1.0454 0
0.44043 3.68529e-05 0.699693 0.385851 0
0.441406 9.66728e-05 0.697787 1.01217 0
0.442383 4.12297e-05 0.694193 0.431677 0
0.443359 9.1362e-05 0.692498 0.956565 0
0.444336 4.08908e-05 0.688075 0.428128 0
0.445312 9.07874e-05 0.687737 0.950548 0
0.446289 3.94183e-05 0.683567 0.412711 0
0.447266 9.17177e-05 0.685509 0.960288 0
0.448242 3.69404e-05 0.680973 0.386768 0
0.449219 9.42457e-05 0.686151 0.986757 0
0.450195 3.86455e-05 0.682256 0.40462 0
0.451172 9.28701e-05 0.688468 0.972355 0
0.452148 4.87514e-05 0.688196 0.510429 0
0.453125 8.36701e-05 0.694947 0.87603 0
0.454102 5.5872e-05 0.69784 0.584982 0
0.455078 7.8166e-05 0.704273 0.818402 0
0.456055 5.59163e-05 0.708185 0.585446 0
0.457031 7.99341e-05 0.71321 0.836914 0
0.458008 5.63812e-05 0.714591 0.590314 0
0.458984 7.98811e-05 0.711399 0.836359 0
0.459961 5.73401e-05 0.711768 0.600354 0
0.460938 7.91567e-05 0.717215 0.828774 0
0.461914 5.72184e-05 0.72117 0.599079 0
0.462891 8.10524e-05 0.72636 0.848623 0
0.463867 5.79681e-05 0.729798 0.606928 0
0.464844 8.18804e-05 0.734243 0.857291 0
0.46582 5.9539e-05 0.738868 0.623376 0
0.466797 8.2121e-05 0.7443 0.859811 0
0.467773 5.66314e-05 0.749353 0.592933 0
0.46875 8.69061e-05 0.754054 0.909911 0
0.469727 4.59468e-05 0.759243 0.481065 0
0.470703 9.9364e-05 0.763422 1.04035 0
0.47168 3.83414e-05 0.76841 0.401436 0
0.472656 0.000108811 0.774386 1.13926 0
0.473633 3.86991e-05 0.780053 0.405181 0
0.474609 0.00010987 0.780698 1.15035 0
0.475586 4.35989e-05 0.787781 0.456483 0
0.476562 0.00010617 0.787412 1.1116 0
0.477539 5.01913e-05 0.792501 0.525506 0
0.478516 9.87206e-05 0.784032 1.03361 0
0.479492 5.43413e-05 0.792548 0.568957 0
0.480469 9.68364e-05 0.795089 1.01388 0
0.481445 5.35463e-05 0.798432 0.560632 0
0.482422 9.85822e-05 0.80066 1.03216 0
0.483398 5.56566e-05 0.810087 0.582727 0
0.484375 9.63255e-05 0.787924 1.00853 0
0.485352 5.65583e-05 0.794841 0.592168 0
0.486328 9.48998e-05 0.795149 0.993606 0
0.487305 5.89328e-05 0.800176 0.617029 0
0.488281 9.36117e-05 0.799952 0.98012 0
0.489258 6.49798e-05 0.790521 0.680342 0.00202088
0.490234 8.60349e-05 0.780997 0.900789 0
0.491211 5.93339e-05 0.762956 0.621229 0.00100263
0.492188 8.5575e-05 0.753074 0.895974 0
0.493164 5.88163e-05 0.738134 0.615809 0
0.494141 8.17404e-05 0.734802 0.855826 0
0.495117 5.86905e-05 0.736074 0.614492 0
0.496094 8.19478e-05 0.736108 0.857998 0
0.49707 5.75748e-05 0.735488 0.602811 0
0.498047 8.30125e-05 0.736174 0.869145 0
0.499023 5.64356e-05 0.735228 0.590884 0
0.5 8.43311e-05 0.737149 0.882951 0
