9057588
9068110
9068111
9068112
9068113
9068114
9068115
9068117
9068119
9068120
9068121
9068123
9068125
9068129
9068131
9068132
9068134
9068135
9068136
9068137
9068139
9068140
9068141
9068142
9068143
9068144
9068145
9068146
9068148
9068149
9068151
9068110
9068111
9068115
9068117
9068113
9068112
9068114
9068119
9068120
9068121
9068125
9068129
9068123
9068131
9068134
9068132
9068139
9068135
9068136
9068137
9068151
9068146
9068145
9068141
9068140
9068142
9068143
9068149
9068144
9068148
9093172
9093174
9093181
9093198
9093182
9093194
9093203
9093201
9093206
9111729
9112575
9159642
9159645
9159650
9159648
9159651
9159655
9159660
9159657
9159666
9159663
9159672
9159678
9159674
9159677
9159669
9159682
9159689
9159687
9159685
9159693
9159698
9159696
9159701
9159705
9159708
9159710
9159714
9159712
9159716
9159718
9159720
