            98 Myr  from 352 to 919 Myr  from 195 to 303 Myr  from 704 to 801 Myr  from 352 to 449 Myr
Total   9.5695e+11           1.1883e+12           1.1454e+12           1.1886e+12           1.1833e+12
0.1kpc  4.3934e+09           7.6051e+09           1.1283e+10           7.5473e+09            9.009e+09
0.2kpc  2.1567e+10           2.9725e+10           5.0355e+10           2.9258e+10           3.6723e+10
0.3kpc  6.8274e+10           6.3453e+10           1.0561e+11           6.1212e+10           8.0036e+10
0.4kpc  1.0866e+11           1.0261e+11           1.6012e+11           9.9549e+10           1.2785e+11
0.5kpc  1.4128e+11           1.4682e+11           2.0903e+11           1.4165e+11           1.7526e+11
0.6kpc  1.6759e+11           1.9072e+11           2.5172e+11           1.8450e+11             2.21e+11
0.7kpc  1.8944e+11            2.333e+11           2.8639e+11           2.2627e+11           2.6318e+11
0.8kpc   2.084e+11           2.7226e+11           3.1613e+11           2.6533e+11           3.0127e+11
0.9kpc  2.2613e+11           3.0799e+11           3.4204e+11           3.0114e+11           3.3505e+11
1.0kpc  2.4279e+11           3.4044e+11            3.651e+11           3.3356e+11           3.6492e+11
1.1kpc  2.5811e+11           3.6886e+11           3.8712e+11           3.6263e+11           3.9142e+11
1.2kpc  2.7188e+11            3.946e+11           4.0594e+11           3.8892e+11           4.1546e+11
1.3kpc  2.8429e+11           4.1785e+11           4.2353e+11            4.126e+11           4.3637e+11
1.4kpc  2.9592e+11           4.3853e+11           4.3961e+11           4.3396e+11           4.5486e+11
1.5kpc  3.0678e+11           4.5746e+11           4.5428e+11           4.5279e+11           4.7124e+11
1.6kpc  3.1716e+11           4.7451e+11           4.6788e+11           4.6975e+11           4.8574e+11
1.7kpc  3.2736e+11           4.9000e+11           4.8051e+11           4.8521e+11           4.9947e+11
1.8kpc  3.3722e+11           5.0423e+11           4.9243e+11           4.9938e+11           5.1193e+11
1.9kpc  3.4737e+11           5.1747e+11           5.0367e+11           5.1258e+11           5.2393e+11
2.0kpc  3.5686e+11            5.297e+11           5.1442e+11           5.2483e+11           5.3553e+11
2.1kpc  3.6618e+11           5.4108e+11           5.2467e+11           5.3616e+11           5.4662e+11
2.2kpc  3.7565e+11            5.518e+11           5.3457e+11           5.4724e+11           5.5715e+11
2.3kpc  3.8527e+11           5.6168e+11           5.4418e+11           5.5778e+11           5.6723e+11
2.4kpc  3.9395e+11           5.7123e+11           5.5363e+11           5.6787e+11           5.7694e+11
2.5kpc   4.025e+11           5.8037e+11           5.6268e+11           5.7751e+11            5.863e+11
2.6kpc  4.1109e+11           5.8947e+11           5.7162e+11           5.8663e+11           5.9534e+11
2.7kpc  4.1961e+11           5.9822e+11           5.8032e+11           5.9545e+11           6.0412e+11
2.8kpc  4.2776e+11           6.0694e+11           5.8895e+11           6.0405e+11           6.1274e+11
2.9kpc  4.3657e+11           6.1532e+11           5.9734e+11           6.1242e+11           6.2113e+11
3.0kpc  4.4468e+11           6.2357e+11           6.0552e+11           6.2065e+11           6.2937e+11
3.1kpc   4.526e+11           6.3167e+11           6.1366e+11           6.2866e+11           6.3742e+11
3.2kpc  4.6052e+11           6.3951e+11           6.2161e+11           6.3657e+11           6.4533e+11
3.3kpc  4.6792e+11           6.4718e+11            6.295e+11           6.4429e+11           6.5315e+11
3.4kpc  4.7518e+11           6.5478e+11           6.3733e+11            6.519e+11           6.6087e+11
3.5kpc  4.8231e+11           6.6243e+11           6.4498e+11           6.5943e+11           6.6837e+11
3.6kpc  4.8934e+11           6.6978e+11           6.5255e+11           6.6684e+11           6.7586e+11
3.7kpc  4.9631e+11           6.7688e+11           6.5995e+11           6.7412e+11           6.8321e+11
3.8kpc  5.0326e+11            6.838e+11            6.672e+11           6.8123e+11           6.9047e+11
3.9kpc  5.1005e+11           6.9073e+11           6.7436e+11           6.8825e+11           6.9756e+11
4.0kpc   5.168e+11           6.9773e+11           6.8138e+11            6.952e+11           7.0459e+11
4.1kpc  5.2334e+11            7.046e+11           6.8827e+11           7.0204e+11           7.1146e+11
4.2kpc  5.2978e+11           7.1141e+11           6.9506e+11           7.0876e+11            7.183e+11
4.3kpc  5.3607e+11            7.182e+11            7.017e+11           7.1543e+11           7.2506e+11
4.4kpc  5.4216e+11           7.2485e+11           7.0819e+11           7.2194e+11           7.3169e+11
4.5kpc  5.4819e+11           7.3127e+11           7.1456e+11           7.2837e+11           7.3823e+11
4.6kpc  5.5402e+11           7.3757e+11           7.2083e+11            7.347e+11           7.4463e+11
4.7kpc  5.5969e+11           7.4388e+11           7.2688e+11           7.4095e+11           7.5091e+11
4.8kpc  5.6524e+11           7.5013e+11            7.328e+11           7.4716e+11           7.5709e+11
4.9kpc  5.7072e+11           7.5613e+11            7.386e+11           7.5325e+11           7.6317e+11
5.0kpc  5.7594e+11           7.6204e+11           7.4431e+11           7.5921e+11           7.6914e+11
5.2kpc  5.8599e+11           7.7388e+11            7.554e+11           7.7092e+11           7.8087e+11
5.4kpc  5.9558e+11            7.853e+11           7.6587e+11           7.8228e+11           7.9211e+11
5.6kpc  6.0474e+11           7.9624e+11           7.7586e+11            7.933e+11            8.029e+11
5.8kpc    6.14e+11           8.0667e+11            7.853e+11           8.0380e+11           8.1327e+11
6.0kpc  6.2274e+11            8.168e+11           7.9439e+11            8.139e+11           8.2317e+11
6.2kpc   6.308e+11           8.2659e+11            8.031e+11           8.2365e+11           8.3274e+11
6.4kpc  6.3843e+11             8.36e+11           8.1144e+11           8.3309e+11           8.4189e+11
6.6kpc  6.4564e+11           8.4508e+11           8.1933e+11           8.4219e+11           8.5066e+11
6.8kpc  6.5255e+11           8.5386e+11           8.2688e+11           8.5108e+11           8.5914e+11
7.0kpc  6.5929e+11           8.6217e+11           8.3414e+11           8.5969e+11           8.6726e+11
7.2kpc  6.6561e+11           8.7034e+11           8.4115e+11           8.6798e+11           8.7514e+11
7.4kpc  6.7174e+11           8.7825e+11           8.4831e+11           8.7601e+11           8.8269e+11
7.6kpc  6.7755e+11            8.856e+11           8.5524e+11           8.8369e+11           8.8992e+11
7.8kpc  6.8319e+11           8.9264e+11           8.6183e+11           8.9119e+11           8.9686e+11
8.0kpc  6.8871e+11           8.9991e+11           8.6827e+11           8.9841e+11           9.0354e+11
8.4kpc  6.9942e+11           9.1357e+11           8.8037e+11             9.12e+11           9.1628e+11
8.8kpc  7.1019e+11           9.2585e+11           8.9198e+11           9.2472e+11           9.2818e+11
9.2kpc  7.2058e+11           9.3761e+11           9.0305e+11           9.3665e+11           9.3925e+11
9.6kpc   7.313e+11            9.487e+11           9.1377e+11           9.4784e+11           9.4977e+11
10.0kpc 7.4272e+11           9.5902e+11           9.2414e+11           9.5831e+11           9.5966e+11
10.4kpc 7.5334e+11           9.6875e+11           9.3405e+11           9.6826e+11           9.6913e+11
10.8kpc 7.6378e+11           9.7827e+11           9.4326e+11           9.7769e+11           9.7829e+11
11.2kpc 7.7283e+11           9.8728e+11           9.5177e+11           9.8658e+11           9.8698e+11
11.6kpc 7.8103e+11           9.9576e+11           9.5981e+11           9.9513e+11           9.9526e+11
12.0kpc 7.8865e+11           1.0038e+12           9.6752e+11           1.0032e+12           1.0032e+12
12.4kpc 7.9607e+11           1.0118e+12           9.7498e+11           1.0111e+12           1.0108e+12
12.8kpc 8.0353e+11           1.0192e+12             9.82e+11           1.0186e+12            1.018e+12
13.2kpc 8.1095e+11           1.0261e+12           9.8877e+11           1.0259e+12           1.0251e+12
13.6kpc 8.1788e+11           1.0329e+12           9.9502e+11           1.0328e+12           1.0319e+12
14.0kpc  8.244e+11           1.0395e+12           1.0008e+12           1.0395e+12           1.0384e+12
14.4kpc 8.3058e+11           1.0457e+12           1.0061e+12           1.0458e+12           1.0446e+12
14.8kpc 8.3674e+11           1.0516e+12           1.0112e+12           1.0519e+12           1.0506e+12
15.2kpc 8.4241e+11           1.0573e+12           1.0158e+12           1.0576e+12            1.056e+12
15.6kpc 8.4746e+11           1.0628e+12           1.0203e+12            1.063e+12           1.0612e+12
16.0kpc 8.5154e+11           1.0678e+12           1.0247e+12            1.068e+12           1.0660e+12
16.4kpc 8.5492e+11           1.0726e+12           1.0289e+12           1.0728e+12           1.0708e+12
16.8kpc 8.5806e+11           1.0772e+12           1.0328e+12           1.0774e+12           1.0752e+12
17.2kpc 8.6111e+11           1.0816e+12           1.0365e+12           1.0818e+12           1.0794e+12
17.6kpc 8.6432e+11           1.0858e+12           1.0408e+12           1.0859e+12           1.0833e+12
18.0kpc 8.6724e+11           1.0897e+12           1.0449e+12           1.0898e+12           1.0870e+12
18.4kpc 8.7008e+11           1.0933e+12           1.0488e+12           1.0935e+12           1.0906e+12
18.8kpc   8.73e+11           1.0968e+12           1.0524e+12            1.097e+12            1.094e+12
19.2kpc 8.7619e+11           1.1002e+12           1.0558e+12           1.1003e+12           1.0972e+12
19.6kpc 8.7941e+11           1.1034e+12           1.0592e+12           1.1035e+12           1.1001e+12
20.0kpc 8.8300e+11           1.1064e+12           1.0623e+12           1.1065e+12           1.1031e+12
20.4kpc 8.8594e+11           1.1091e+12           1.0652e+12           1.1092e+12           1.1059e+12
20.8kpc 8.8868e+11           1.1118e+12           1.0679e+12           1.1119e+12           1.1085e+12
21.2kpc 8.9133e+11           1.1143e+12           1.0706e+12           1.1144e+12            1.111e+12
21.6kpc 8.9387e+11           1.1168e+12           1.0731e+12           1.1169e+12           1.1133e+12
22.0kpc 8.9641e+11            1.119e+12           1.0757e+12           1.1193e+12           1.1156e+12
22.4kpc 8.9887e+11           1.1212e+12           1.0780e+12           1.1215e+12           1.1178e+12
22.8kpc 9.0143e+11           1.1234e+12           1.0802e+12           1.1237e+12           1.1199e+12
23.2kpc 9.0395e+11           1.1256e+12           1.0822e+12           1.1259e+12           1.1219e+12
23.6kpc 9.0644e+11           1.1276e+12           1.0841e+12            1.128e+12           1.1239e+12
24.0kpc 9.0864e+11           1.1296e+12           1.0859e+12             1.13e+12           1.1258e+12
24.4kpc 9.1072e+11           1.1313e+12           1.0878e+12           1.1319e+12           1.1277e+12
24.8kpc 9.1264e+11            1.133e+12           1.0898e+12           1.1338e+12           1.1295e+12
25.2kpc 9.1442e+11           1.1349e+12           1.0918e+12           1.1356e+12           1.1313e+12
25.6kpc   9.16e+11           1.1367e+12           1.0938e+12           1.1374e+12            1.133e+12
26.0kpc 9.1722e+11           1.1386e+12           1.0957e+12           1.1391e+12           1.1346e+12
26.4kpc 9.1821e+11           1.1404e+12           1.0974e+12           1.1408e+12           1.1362e+12
26.8kpc 9.1906e+11            1.142e+12           1.0991e+12           1.1424e+12           1.1378e+12
27.2kpc 9.1989e+11           1.1436e+12           1.1006e+12            1.144e+12           1.1393e+12
27.6kpc 9.2072e+11            1.145e+12           1.1022e+12           1.1455e+12           1.1408e+12
28.0kpc 9.2149e+11           1.1465e+12           1.1038e+12            1.147e+12           1.1423e+12
28.4kpc 9.2219e+11           1.1478e+12           1.1052e+12           1.1485e+12           1.1438e+12
28.8kpc 9.2285e+11           1.1492e+12           1.1066e+12           1.1498e+12           1.1451e+12
29.2kpc 9.2351e+11           1.1506e+12           1.1079e+12           1.1512e+12           1.1466e+12
29.6kpc 9.2413e+11           1.1517e+12           1.1091e+12           1.1524e+12           1.1479e+12
30.0kpc 9.2473e+11           1.1527e+12           1.1103e+12           1.1537e+12           1.1493e+12
30.8kpc 9.2591e+11           1.1547e+12           1.1124e+12            1.156e+12           1.1517e+12
31.6kpc 9.2705e+11            1.157e+12           1.1144e+12           1.1581e+12           1.1539e+12
32.4kpc 9.2813e+11           1.1589e+12           1.1164e+12             1.16e+12            1.156e+12
33.2kpc 9.2911e+11           1.1607e+12           1.1183e+12           1.1618e+12           1.1579e+12
34.0kpc 9.3002e+11           1.1623e+12             1.12e+12           1.1635e+12           1.1596e+12
34.8kpc 9.3089e+11           1.1639e+12           1.1214e+12           1.1651e+12           1.1613e+12
35.6kpc 9.3178e+11           1.1654e+12           1.1228e+12           1.1666e+12           1.1627e+12
36.4kpc 9.3263e+11           1.1668e+12           1.1244e+12           1.1679e+12            1.164e+12
37.2kpc 9.3348e+11           1.1681e+12            1.126e+12           1.1692e+12           1.1653e+12
38.0kpc 9.3435e+11           1.1694e+12           1.1276e+12           1.1702e+12           1.1664e+12
38.8kpc 9.3517e+11           1.1707e+12           1.1291e+12           1.1712e+12           1.1673e+12
39.6kpc   9.36e+11           1.1717e+12           1.1304e+12           1.1721e+12           1.1681e+12
40.4kpc 9.3690e+11           1.1727e+12           1.1318e+12            1.173e+12           1.1689e+12
41.2kpc 9.3784e+11           1.1739e+12            1.133e+12           1.1738e+12           1.1697e+12
42.0kpc  9.388e+11           1.1749e+12           1.1342e+12           1.1747e+12           1.1704e+12
42.8kpc 9.3976e+11           1.1758e+12           1.1354e+12           1.1756e+12           1.1713e+12
43.6kpc 9.4071e+11           1.1766e+12           1.1366e+12           1.1765e+12           1.1723e+12
44.4kpc  9.416e+11           1.1775e+12           1.1378e+12           1.1773e+12           1.1731e+12
45.2kpc 9.4257e+11           1.1782e+12            1.139e+12           1.1781e+12           1.1739e+12
46.0kpc 9.4352e+11            1.179e+12             1.14e+12           1.1789e+12           1.1746e+12
46.8kpc 9.4452e+11           1.1797e+12           1.1408e+12           1.1798e+12           1.1753e+12
47.6kpc 9.4558e+11           1.1805e+12           1.1415e+12           1.1806e+12           1.1759e+12
48.4kpc 9.4656e+11           1.1811e+12           1.1422e+12           1.1812e+12           1.1765e+12
49.2kpc  9.474e+11           1.1817e+12           1.1427e+12           1.1818e+12           1.1771e+12
51.6kpc 9.4923e+11           1.1833e+12           1.1434e+12           1.1834e+12           1.1787e+12
54.0kpc 9.5080e+11           1.1845e+12           1.1439e+12           1.1847e+12           1.1804e+12
56.4kpc 9.5264e+11           1.1855e+12           1.1444e+12           1.1856e+12           1.1815e+12
58.8kpc 9.5433e+11           1.1861e+12           1.1448e+12           1.1863e+12           1.1822e+12
61.2kpc 9.5579e+11           1.1865e+12            1.145e+12           1.1868e+12           1.1828e+12
63.6kpc  9.567e+11           1.1868e+12           1.1451e+12           1.1872e+12            1.183e+12
66.0kpc 9.5695e+11            1.187e+12           1.1452e+12           1.1874e+12           1.1832e+12
68.4kpc 9.5695e+11           1.1871e+12           1.1453e+12           1.1876e+12           1.1832e+12
70.8kpc 9.5695e+11           1.1872e+12           1.1453e+12           1.1877e+12           1.1833e+12
73.2kpc 9.5695e+11           1.1873e+12           1.1453e+12           1.1878e+12           1.1833e+12
75.6kpc 9.5695e+11           1.1874e+12           1.1454e+12           1.1879e+12           1.1833e+12
78.0kpc 9.5695e+11           1.1875e+12           1.1454e+12            1.188e+12           1.1833e+12
80.4kpc 9.5695e+11           1.1876e+12           1.1454e+12           1.1881e+12           1.1833e+12
82.8kpc 9.5695e+11           1.1877e+12           1.1454e+12           1.1882e+12           1.1833e+12
85.2kpc 9.5695e+11           1.1878e+12           1.1454e+12           1.1883e+12           1.1833e+12
87.6kpc 9.5695e+11           1.1879e+12           1.1454e+12           1.1883e+12           1.1833e+12
90.0kpc 9.5695e+11           1.1880e+12           1.1454e+12           1.1884e+12           1.1833e+12